<?xml version="1.0"?>
<opencv_storage>
  <Extrinsics type_id="opencv-matrix">
    <rows>9</rows>
    <cols>7</cols>
    <dt>f</dt>
    <data>
      0.06645870 -0.06718688 0.04140232 -537.72753032 -192.69466518 1704.23268736
    </data>
  </Extrinsics>
</opencv_storage>