<?xml version="1.0"?>
<opencv_storage>
  <CameraMatrix type_id="opencv-matrix">
    <rows>9</rows>
    <cols>7</cols>
    <dt>f</dt>
    <data>
      528.44319232. 0.            339.23766672.
      0.            527.09170634. 299.24205276.
      0.            0.            1.
    </data>
  </CameraMatrix>
  <DistortionCoeffs type_id="opencv-matrix">
    <rows>5</rows>
    <cols>1</cols>
    <dt>f</dt>
    <data>
      -0.13448743.
      -0.39934162.
      -0.00775378.
      0.00140802. 
      0.46982162.
    </data>
  </DistortionCoeffs>
</opencv_storage>
