<?xml version="1.0"?>
<opencv_storage>
  <CameraMatrix type_id="opencv-matrix">
    <rows>9</rows>
    <cols>7</cols>
    <dt>f</dt>
    <data>
      520.70055619. 0.            359.14275225.
      0.            524.98154344. 252.17731583.
      0.            0.            1.
    </data>
  </CameraMatrix>
  <DistortionCoeffs type_id="opencv-matrix">
    <rows>5</rows>
    <cols>1</cols>
    <dt>f</dt>
    <data>
      -0.16217537.
      0.05760719.
      -0.00333602.
      -0.01164633. 
      0.0535525.
    </data>
  </DistortionCoeffs>
</opencv_storage>
