<?xml version="1.0"?>
<opencv_storage>
  <CameraMatrix type_id="opencv-matrix">
    <rows>9</rows>
    <cols>7</cols>
    <dt>f</dt>
    <data>
      483.11560809. 0.            308.84808493.
      0.            786.07478652. 276.29568726.
      0.            0.            1.
    </data>
  </CameraMatrix>
  <DistortionCoeffs type_id="opencv-matrix">
    <rows>5</rows>
    <cols>1</cols>
    <dt>f</dt>
    <data>
      -0.74156043.
      1.75672259.
      -0.02096523.
      -0.00181157. 
      -1.70588239.
    </data>
  </DistortionCoeffs>
</opencv_storage>
