<?xml version="1.0"?>
<opencv_storage>
  <CameraMatrix type_id="opencv-matrix">
    <rows>9</rows>
    <cols>7</cols>
    <dt>f</dt>
    <data>
      511.72108101. 0.            281.5376213.
      0             513.87927923. 226.82824161.
      0.            0.            1.
    </data>
  </CameraMatrix>
  <DistortionCoeffs type_id="opencv-matrix">
    <rows>5</rows>
    <cols>1</cols>
    <dt>f</dt>
    <data>
      -0.07624277.
      -0.05455212.
      -0.00096321.
      0.00231992.
      -0.03932004.
    </data>
  </DistortionCoeffs>
</opencv_storage>
